143
255
345
939
247
244
344
125
805
933
34
754
12
361
697
493
940
536
319
405
389
774
428
996
258
532
347
275
682
87
628
177
694
973
116
941
218
813
419
375
98
453
129
463
814
178
956
106
714
275
511
456
402
292
452
660
176
151
935
210
239
564
388
285
889
856
227
107
669
646
835
120
99
316
583
265
495
891
371
561
518
234
369
920
526
173
581
54
325
868
265
916
784
653
201
674
509
780
133
531
426
968
651
877
285
586
494
132
477
217
45
995
452
415
916
330
940
849
385
265
717
650
533
854
655
87
528
164
867
661
47
646
982
50
523
619
636
370
751
113
587
148
109
39
915
377
722
856
226
459
473
295
461
7
149
116
94
29
632
313
691
680
959
25
82
835
644
719
205
747
832
792
895
293
184
811
22
258
667
600
717
492
896
178
499
397
646
945
427
278
611
470
310
570
495
393
405
491
464
962
238
296
755
133
942
291
296
964
549
315
565
618
808
813
148
659
562
794
957
989
424
568
811
87
490
658
832
896
149
296
210
739
944
965
225
886
608
521
851
509
189
768
127
997
581
275
8
143
69
965
485
846
885
648
933
376
307
765
624
808
413
834
548
357
152
773
244
112
646
447
622
835
215
749
184
148
25
545
643
446
862
480
292
748
129
577
476
788
694
452
596
107
638
496
817
790
621
413
903
268
860
525
455
427
626
992
927
3
537
570
450
751
51
94
851
180
24
327
968
718
779
916
178
418
413
995
560
34
408
815
654
620
692
462
47
319
454
974
322
343
896
124
94
299
219
946
479
595
625
799
313
757
68
843
527
833
838
439
219
598
255
874
570
947
688
617
618
494
943
293
837
192
417
283
491
988
581
323
583
559
474
249
316
542
92
195
375
283
634
595
233
889
821
804
189
509
773
807
3
717
452
192
261
870
827
752
858
761
75
794
320
550
43
988
444
487
183
820
770
817
767
4
59
588
808
248
449
581
407
452
650
860
996
911
82
175
16
292
936
91
86
608
993
481
596
438
969
131
610
739
301
377
95
360
317
255
960
766
189
719
218
839
931
566
103
13
741
471
658
30
914
744
638
908
226
587
698
547
718
308
638
19
37
734
379
354
341
691
120
530
411
690
722
694
256
825
60
997
648
718
27
562
462
18
470
40
605
168
939
323
828
578
695
865
664
74
219
5
118
339
536
881
29
258
575
637
435
635
987
83
353
366
645
168
384
468
560
989
988
500
665
817
78
360
34
94
786
606
99
904
297
987
137
679
597
713
316
384
700
303
819
54
22
817
574
406
285
134
748
625
634
413
794
64
125
829
158
263
787
610
168
84
597
657
763
547
370
432
931
423
87
103
829
109
920
403
868
205
537
616
830
172
381
625
588
858
806
747
121
593
357
641
677
306
299
793
205
21
577
489
444
664
592
273
774
512
676
994
69
566
610
251
90
343
876
678
201
34
777
322
979
134
964
9
793
615
802
350
636
379
839
81
395
431
706
521
943
383
515
364
949
477
616
391
820
844
69
373
879
847
696
858
333
12
867
478
627
21
829
263
752
668
696
148
100
403
21
395
138
537
112
439
14
728
830
187
572
899
560
803
746
256
14
432
620
233
910
247
255
739
863
359
760
911
859
860
314
881
607
452
418
71
891
784
799
721
971
724
973
532
527
71
140
541
503
761
775
766
360
382
505
223
93
265
487
953
477
801
834
437
606
604
508
849
388
660
923
360
384
896
244
263
967
384
157
823
145
284
589
858
666
446
81
111
64
568
64
893
722
898
682
328
502
543
529
243
203
452
603
939
348
199
202
668
583
711
843
81
995
784
939
13
582
372
125
646
293
189
892
15
440
574
695
294
117
224
537
320
677
492
611
377
691
166
397
275
877
240
708
873
376
647
238
959
19
363
605
312
905
497
679
345
424
374
639
541
951
529
214
980
21
825
357
65
991
107
692
869
347
400
94
724
47
332
683
418
48
640
731
953
490
410
650
914
137
641
455
88
522
21
420
896
847
777
961
190
884
653
411
584
405
505
660
804
190
695
222
590
335
953
895
177
716
545
91
853
538
899
293
61
920
713
957
119
842
270
310
79
275
721
15
680
579
675
836
121
370
58
711
57
364
958
235
80
503
678
285
393
929
930
806
850
995
115
321
189
385
983
268
660
57
635
692
636
662
528
109
32
939
820
442
303
778
677
383
633
707
20
378
637
950
185
839
945
300
160
134
38
496
755
50
553
390
743
189
53
623
650
437
562
470
879
865
600
908
600
585
968
620
315
605
570
852
796
867
153
308
2
543
804
109
593
357
851
688
898
256
312
548
694
226
370
925
92
322
186
692
907
154
665
575
111
587
427
907
455
932
215
809
475
20
918
69
377
769
757
628
26
421
176
72
648
547
349
740
869
535
784
129
689
801
704
800
389
483
59
844
416
275
653
891
647
923
312
24
44
422
4
422
843
181
494
491
80
844
583
301
731
720
782
421
521
838
573
910
322
633
106
738
260
111
981
907
34
294
283
431
716
288
853
559
821
700
403
901
896
338
202
627
58
985
400
932
823
974
194
497
959
301
235
571
412
217
478
799
863
761
230
579
401
435
490
222
135
893
123
31
584
678
659
642
15
59
926
190
385
121
688
696
422
923
267
186
492
97
985
355
859
567
286
612
3
777
835
490
22
310
522
606
988
533
601
3
944
527
194
682
648
882
378
70
157
998
257
2
95
594
709
306
162
996
919
517
125
754
7
147
64
529
106
405
414
707
408
359
234
954
41
235
836
771
305
346
769
914
700
865
509
409
171
23
757
442
540
882
196
547
382
613
429
840
18
843
547
778
554
133
733
595
368
921
719
26
267
488
940
967
353
801
729
877
176
486
319
68
721
868
616
455
833
397
295
203
592
194
981
147
679
66
94
48
988
813
74
255
654
366
575
359
520
656
236
696
494
908
765
215
128
733
22
313
130
669
516
74
863
849
221
543
916
668
943
904
481
369
511
487
735
438
847
607
94
435
304
589
343
421
156
823
506
531
136
988
200
4
62
416
854
284
311
770
304
254
26
137
975
537
625
710
328
472
318
422
907
974
363
603
747
520
426
253
403
915
241
603
271
303
371
125
939
682
247
243
288
625
381
263
163
358
326
843
830
996
265
89
322
981
692
69
853
471
322
256
738
915
211
9
218
583
487
510
617
734
753
906
712
486
521
227
844
199
70
26
195
335
116
517
316
808
938
169
631
612
777
369
527
989
731
746
572
218
256
189
304
361
447
16
200
321
243
396
520
313
423
68
1
891
585
669
699
876
191
683
488
968
52
16
957
135
114
881
353
722
423
658
83
222
674
635
543
918
32
64
583
807
132
584
698
69
254
749
945
445
784
434
765
189
802
723
324
916
956
678
638
379
336
73
954
362
709
497
632
93
913
216
252
397
152
950
819
758
51
764
203
836
550
321
25
704
44
349
620
352
379
258
84
715
332
38
430
393
887
414
486
801
630
90
198
135
40
369
893
443
134
449
631
36
770
656
741
166
358
713
518
737
972
954
805
656
992
587
401
880
1
239
33
984
329
583
119
721
953
364
164
439
813
796
827
935
804
920
101
514
634
972
604
958
926
761
966
271
348
367
151
701
606
536
685
935
471
156
656
424
521
172
215
686
320
43
622
477
963
723
343
949
695
947
259
974
708
225
245
408
944
748
110
902
284
795
837
755
304
845
532
177
370
747
863
42
142
485
519
458
561
863
759
608
162
19
582
223
596
827
631
541
927
93
443
211
241
633
319
545
830
203
722
200
302
585
595
445
423
114
903
336
329
662
944
844
33
879
67
630
58
50
523
986
144
966
549
385
951
220
930
782
423
4
334
78
941
929
523
364
396
778
52
77
792
997
921
826
228
340
808
286
391
331
272
535
649
174
920
601
394
202
383
170
206
69
248
147
351
123
864
99
901
916
176
45
913
450
223
141
790
31
780
533
714
404
68
364
578
340
965
325
542
700
495
100
121
95
248
472
218
112
571
119
28
100
516
294
550
740
787
692
771
919
226
838
324
646
202
902
987
519
227
881
219
74
982
340
169
230
165
387
694
736
858
74
836
375
368
738
115
508
431
238
427
9
76
751
655
278
6
642
149
585
524
368
660
858
61
181
88
578
921
134
314
779
208
503
506
577
241
973
437
24
212
864
33
640
968
689
271
974
683
420
911
559
141
923
417
554
105
857
132
378
991
446
157
200
301
16
129
895
989
566
919
201
782
953
194
750
994
465
76
29
885
988
589
378
911
358
932
368
216
64
746
559
863
256
759
164
272
240
411
261
806
331
815
589
636
9
691
982
826
768
11
63
756
952
442
19
311
374
388
879
791
134
438
654
390
550
170
14
790
582
276
949
265
443
890
901
804
581
883
630
701
246
693
809
199
487
829
862
862
217
93
5
703
883
659
446
785
181
460
928
115
88
877
380
531
119
633
335
52
516
317
754
115
363
563
666
850
744
880
64
313
973
69
17
208
80
815
994
262
275
922
729
364
151
110
247
270
743
935
322
612
252
428
79
615
992
745
466
736
625
530
50
950
952
419
510
32
234
504
646
861
778
376
577
929
838
825
199
581
760
874
545
364
302
624
332
646
369
150
735
346
680
137
648
984
556
159
17
142
15
15
3
794
391
581
75
581
758
275
163
870
501
60
234
155
685
566
802
406
716
889
105
749
26
753
85
934
264
454
428
280
470
431
426
213
364
501
795
474
128
310
344
629
370
931
137
407
497
939
814
566
828
271
667
206
24
752
140
641
207
568
273
29
351
699
242
68
200
389
542
681
699
887
662
422
818
799
829
667
738
995
585
918
266
604
476
643
709
616
284
916
536
557
297
240
608
539
308
160
929
202
841
980
441
504
402
259
303
232
279
394
227
216
664
494
821
141
489
530
109
773
798
998
682
95
238
642
986
898
802
267
452
644
248
894
500
2
505
155
234
784
549
814
1
566
660
174
59
149
704
168
274
854
166
308
301
756
950
287
6
752
907
459
748
155
353
248
509
858
756
96
995
657
262
348
223
922
522
282
423
578
803
49
432
321
357
733
430
307
372
436
411
279
247
160
786
600
760
296
811
516
392
806
174
654
154
749
928
28
384
703
606
187
752
390
508
109
123
290
768
847
727
179
127
974
339
265
927
452
561
738
968
305
896
494
311
402
244
591
430
628
294
388
167
398
778
27
859
253
318
627
100
397
807
579
723
498
845
650
950
758
740
271
416
988
765
79
390
361
671
172
341
317
560
508
68
338
888
927
591
206
555
692
955
362
623
678
212
468
681
163
227
773
434
995
762
551
74
504
913
97
677
606
415
237
467
483
576
355
762
519
913
317
563
868
31
187
898
244
655
579
407
234
705
193
229
819
96
656
323
9
753
0
616
520
590
435
355
518
790
118
37
703
435
601
923
467
140
821
63
795
753
822
382
810
367
963
629
463
619
304
473
373
305
441
893
247
876
249
765
18
367
154
73
154
755
996
973
895
169
36
43
274
858
777
84
225
740
65
689
360
370
514
85
27
307
978
274
535
579
391
553
946
545
626
453
653
974
426
900
143
815
295
770
673
72
854
251
165
272
292
525
642
158
962
669
817
940
295
352
520
686
257
818
231
883
623
236
209
50
137
704
865
784
474
890
857
681
493
22
953
137
899
595
295
861
616
112
153
911
816
25
597
73
196
180
308
819
417
517
221
906
222
86
690
696
329
899
729
822
921
682
960
172
629
607
385
245
72
539
156
888
916
105
314
112
286
622
284
703
140
505
961
714
592
651
762
273
903
492
95
176
526
407
349
156
367
86
753
439
625
910
679
894
15
993
6
301
616
290
356
108
148
669
822
740
673
936
13
576
780
460
752
307
220
101
463
587
188
216
26
165
478
705
411
846
699
418
499
667
60
856
775
208
877
949
300
550
237
665
126
18
478
879
325
698
332
140
637
872
708
663
390
187
720
801
385
771
571
884
438
984
92
565
544
970
866
845
520
104
862
999
122
692
878
447
742
562
587
379
435
647
42
825
186
115
978
571
886
550
456
677
534
548
242
78
518
461
275
391
565
490
390
687
182
620
486
925
182
425
304
617
72
699
794
259
814
773
182
52
675
638
729
209
187
324
639
57
785
267
448
702
757
190
741
939
810
227
216
993
652
873
962
76
572
757
687
738
882
870
790
557
508
872
118
47
548
757
105
685
24
905
387
133
96
128
425
906
707
641
899
711
514
214
787
438
971
827
176
205
697
319
762
557
191
232
605
739
989
62
776
366
319
163
499
415
643
276
674
350
918
925
61
784
139
200
223
462
27
751
667
76
70
429
634
613
661
591
704
3
5
480
721
324
995
572
92
638
849
118
340
119
43
753
255
535
954
478
997
333
582
665
762
4
446
748
618
460
691
322
815
696
155
536
372
150
460
816
141
661
934
481
780
978
587
36
513
541
866
862
226
800
527
340
805
974
88
423
786
779
97
601
827
604
489
200
755
949
16
248
611
303
81
743
633
668
131
498
561
998
360
788
798
240
128
603
214
569
378
0
348
828
953
528
432
442
728
539
391
96
787
354
751
221
98
384
889
229
882
451
579
595
591
378
835
71
333
401
640
64
753
341
892
706
869
676
148
949
216
891
397
355
246
149
576
344
533
466
573
768
269
153
715
860
883
550
283
568
303
924
984
56
617
876
762
838
553
262
787
121
153
184
476
399
685
53
743
571
871
669
691
140
174
406
352
409
308
635
977
611
911
962
667
880
190
781
718
95
43
857
568
196
394
45
948
79
450
43
650
673
712
341
813
238
99
517
647
407
504
977
370
768
291
37
648
481
170
719
929
565
576
497
114
322
894
62
402
344
105
52
17
170
746
182
408
845
51
56
253
908
33
623
676
324
13
676
157
535
747
438
101
676
936
215
998
182
629
400
527
734
805
896
904
551
431
665
748
834
721
353
742
754
329
418
430
694
447
939
229
194
378
682
870
666
249
869
848
878
621
727
965
426
624
221
329
407
886
78
241
607
783
984
713
112
754
495
806
201
435
388
748
813
70
970
479
320
191
327
198
813
55
515
591
31
737
921
438
623
351
31
583
486
15
648
599
122
144
757
675
579
145
423
392
216
394
871
536
585
550
86
750
605
602
342
988
691
615
426
666
318
458
249
804
825
250
755
947
394
513
623
973
658
398
717
874
792
940
762
730
490
849
480
448
803
822
436
494
789
215
512
107
25
114
912
850
364
667
150
758
180
125
83
191
523
152
65
316
92
828
46
934
29
878
734
184
701
523
30
490
90
542
950
115
656
214
965
372
881
467
482
414
592
917
957
116
69
22
784
513
202
182
800
583
60
534
119
113
409
149
604
499
44
906
614
52
120
932
425
353
399
907
119
344
825
76
460
246
99
244
760
653
426
560
589
486
446
708
600
856
858
556
355
902
814
322
954
934
606
731
287
5
639
407
349
816
483
161
62
934
757
822
588
535
734
529
22
181
237
974
389
95
882
96
349
696
770
656
982
376
387
269
734
378
28
435
546
512
597
961
798
354
135
738
890
870
267
264
403
505
590
144
952
824
240
654
872
11
310
854
387
49
475
121
780
504
909
678
368
506
639
518
212
775
257
454
645
524
70
400
381
660
544
334
836
136
340
60
147
650
914
887
51
742
360
183
246
269
862
966
127
501
484
340
628
741
146
625
618
217
25
351
877
569
37
66
58
377
126
557
379
393
796
783
135
509
966
733
130
180
699
258
34
535
950
662
629
96
288
247
313
665
950
543
587
988
609
645
365
87
202
745
480
999
528
615
508
846
700
638
27
751
248
61
287
198
75
916
647
363
515
960
29
465
855
616
453
816
261
171
904
815
268
736
814
148
704
674
994
404
313
373
156
913
786
443
112
862
711
759
225
226
71
606
43
279
222
497
95
835
20
351
651
288
88
817
788
792
492
134
548
157
508
56
70
294
499
534
156
562
645
734
788
717
340
832
348
915
681
443
102
53
147
105
341
235
923
481
379
767
615
927
924
123
984
346
770
835
881
278
750
526
364
538
595
57
722
943
324
755
739
426
808
886
532
501
473
807
982
852
926
950
131
850
73
467
548
195
655
429
826
405
308
190
295
255
247
370
551
571
477
290
350
638
528
882
139
1
41
474
205
967
424
688
169
849
508
717
397
163
499
223
920
159
413
567
414
661
937
965
584
767
607
934
405
135
168
544
488
561
370
45
528
146
734
49
996
594
119
745
757
970
968
29
129
381
596
543
394
886
861
331
653
468
265
58
956
786
954
444
347
677
842
228
823
576
277
171
170
396
916
279
718
884
660
847
618
256
743
364
494
604
47
147
424
665
557
380
451
512
177
798
189
19
26
364
947
656
536
469
404
452
100
123
689
760
322
659
368
65
23
863
21
71
362
446
736
920
826
539
784
355
689
325
374
68
689
673
724
225
142
480
30
242
955
71
354
278
730
723
343
105
586
365
176
300
811
264
220
989
155
356
345
845
681
71
913
723
97
637
300
239
469
330
834
425
401
540
703
483
263
398
589
201
763
117
502
926
734
722
268
889
431
965
734
112
388
647
835
485
636
136
77
106
818
263
883
572
803
586
55
67
984
996
268
100
114
770
26
848
845
646
737
276
611
824
740
0
823
928
485
460
416
562
918
234
825
153
158
981
739
566
48
75
562
668
527
28
791
554
876
988
552
966
264
164
790
356
164
613
284
1
425
52
916
695
639
93
848
797
74
939
715
474
15
630
143
542
658
934
448
535
922
1
853
538
517
643
894
33
608
531
34
34
935
302
81
574
396
930
724
822
869
439
297
236
69
440
779
728
726
579
615
648
932
468
538
449
463
432
482
71
315
869
457
251
523
539
177
271
821
901
94
690
341
743
927
410
535
58
490
261
637
105
261
570
925
799
371
388
583
854
812
899
75
621
502
598
512
679
870
333
581
316
376
274
59
655
36
594
713
527
207
702
984
468
624
262
267
996
650
850
202
814
101
629
436
603
579
300
635
449
634
568
117
362
842
528
17
878
122
82
757
681
136
94
149
761
356
416
109
358
619
663
525
720
292
313
676
871
613
311
673
247
879
790
961
73
671
978
303
145
412
413
827
549
507
976
662
215
745
123
925
364
786
450
84
430
763
760
653
377
423
326
976
654
469
938
727
140
268
383
285
681
796
464
582
655
441
244
870
538
367
795
902
505
246
338
935
361
99
588
90
874
267
67
529
88
357
608
580
625
343
217
306
139
682
240
794
123
484
16
661
203
812
915
708
410
253
995
771
704
936
862
579
203
281
460
643
638
420
223
263
764
440
922
255
122
162
50
597
999
418
610
554
230
525
263
992
131
610
116
835
546
330
766
749
611
578
744
601
351
967
216
115
408
490
722
882
5
772
480
4
191
442
558
773
968
173
766
451
784
234
286
330
564
405
432
175
335
176
128
686
496
344
153
256
835
876
138
840
0
970
196
543
765
106
317
85
280
435
536
416
669
174
98
585
579
530
760
267
59
240
953
555
584
107
163
771
983
653
963
983
624
159
527
741
266
196
826
898
983
362
314
652
536
764
237
468
295
349
735
706
941
688
613
525
147
776
649
130
429
612
466
405
772
993
146
390
541
972
640
524
686
306
528
223
70
117
43
365
818
778
423
759
818
36
636
966
164
285
96
594
898
562
351
22
907
850
412
800
174
52
324
861
358
204
436
428
321
479
146
491
257
921
250
75
958
887
41
122
524
490
68
422
404
772
444
312
622
208
464
796
260
789
657
970
345
93
399
19
572
897
510
181
818
761
609
128
0
650
603
524
492
23
947
897
795
743
209
417
952
673
214
212
814
871
535
160
317
934
179
241
183
41
423
353
802
32
482
802
34
437
679
527
460
626
424
256
721
985
673
673
10
887
238
177
111
773
689
428
59
220
21
242
261
444
947
64
828
429
218
215
866
897
742
679
875
518
935
597
855
608
622
865
848
860
42
959
633
731
739
44
951
760
638
565
557
586
629
737
367
199
952
586
449
46
265
324
916
200
273
771
160
896
637
8
108
31
967
94
115
58
138
66
171
777
983
728
715
964
817
82
164
770
20
613
168
285
289
85
837
915
856
998
163
493
6
271
877
326
365
992
736
856
58
907
633
394
987
700
358
805
782
522
575
803
487
743
440
129
828
278
396
37
276
559
530
634
830
407
312
548
399
49
404
810
308
389
204
296
89
562
101
223
437
28
26
276
771
819
405
952
97
801
989
725
360
871
711
543
631
24
443
382
425
847
192
733
588
748
29
677
663
130
900
452
158
279
728
282
98
134
586
547
287
927
624
0
798
335
895
781
359
338
164
784
537
708
870
125
457
899
154
472
382
406
924
892
37
652
526
487
138
112
34
426
39
658
778
190
994
673
971
705
11
487
842
548
196
712
25
5
963
179
477
345
937
401
238
975
405
764
462
896
229
849
322
620
859
100
162
205
125
486
263
136
973
105
36
169
169
61
174
132
592
651
478
529
404
68
856
162
184
671
58
413
872
732
386
731
184
548
289
309
34
552
445
8
9
481
177
178
894
704
310
486
355
140
367
112
208
576
274
393
247
684
158
119
416
544
202
600
93
843
261
479
395
58
487
404
891
17
934
785
721
245
623
76
385
990
540
946
566
166
691
165
850
849
636
618
746
191
570
191
34
831
670
782
889
158
186
780
175
121
917
896
718
540
324
455
883
217
753
801
383
444
967
586
646
955
204
392
146
775
935
533
958
605
315
848
763
853
980
290
326
250
538
44
790
215
852
673
432
605
827
167
50
146
753
696
101
310
440
600
85
375
133
395
332
800
595
448
653
576
738
980
826
629
376
968
196
228
994
980
834
821
147
884
967
253
932
420
563
724
20
0
451
153
395
783
953
991
231
959
919
322
939
97
303
315
65
499
896
59
479
730
232
978
966
551
231
898
972
794
974
992
146
425
498
542
560
803
885
792
762
804
466
53
901
769
721
966
620
617
378
99
347
962
77
313
514
661
563
486
455
889
478
954
314
328
496
226
132
381
370
246
185
836
300
438
957
21
756
577
638
134
676
985
97
106
650
963
767
565
449
574
454
279
528
120
608
376
346
92
757
717
338
294
905
638
732
863
659
489
792
649
975
469
634
424
927
636
387
46
201
188
620
655
820
149
775
780
877
474
872
635
191
210
281
96
201
366
311
212
207
104
862
182
925
848
959
204
837
698
250
38
239
870
46
59
371
821
839
249
295
63
236
838
625
869
287
826
235
950
391
794
54
253
977
331
453
288
535
290
338
785
681
577
8
727
636
731
548
827
332
196
890
920
386
516
790
673
694
377
624
85
172
30
690
501
362
144
789
249
786
127
387
467
57
395
546
45
478
447
873
811
643
763
731
381
631
873
55
326
251
31
411
423
413
454
924
127
950
713
377
736
192
116
556
601
863
102
647
341
901
520
504
544
635
236
278
267
109
685
945
360
68
708
135
481
162
59
609
112
124
338
201
669
454
757
270
317
211
917
658
113
437
163
9
425
751
287
44
212
324
989
925
392
697
60
874
860
120
483
324
244
173
525
913
627
634
536
944
846
453
954
311
243
117
672
668
220
960
712
433
284
701
358
29
750
418
903
962
890
738
287
487
911
812
752
538
447
288
834
645
742
788
956
985
258
628
5
830
940
717
263
577
770
973
606
872
392
861
835
282
599
122
121
510
286
874
400
85
162
586
730
904
726
38
241
336
19
246
167
311
315
782
888
85
756
846
958
500
707
145
134
658
267
256
168
905
130
920
991
292
858
73
549
585
464
790
921
483
389
440
146
704
575
387
790
331
233
100
183
293
245
317
951
864
925
472
121
55
744
464
700
603
538
601
188
354
391
461
189
132
254
335
837
829
722
979
512
308
79
695
601
676
364
552
540
290
376
661
697
121
126
749
724
16
350
264
722
94
77
911
226
331
246
63
512
321
42
24
629
473
71
582
149
436
486
689
78
863
703
775
984
181
877
708
549
227
324
271
321
401
182
548
733
780
963
245
101
6
622
82
831
693
664
981
481
151
22
559
366
725
687
350
258
564
410
159
143
734
430
817
135
964
365
220
745
680
818
198
38
792
633
870
485
649
851
967
152
873
878
518
951
917
220
561
481
630
721
977
716
151
794
204
468
511
776
565
191
946
115
230
738
748
100
224
750
303
543
902
528
773
773
479
691
993
393
524
976
114
501
44
617
647
248
85
158
377
650
350
323
766
932
62
866
384
638
616
687
533
519
567
306
292
47
349
637
792
874
613
906
727
658
523
375
258
961
885
635
611
235
311
729
519
373
596
903
11
212
942
544
83
510
202
727
909
552
365
701
778
330
959
857
988
482
232
599
795
470
586
407
57
897
488
577
270
84
832
633
649
775
529
84
637
732
812
898
636
529
599
766
859
910
623
200
744
208
799
540
678
737
947
735
635
435
312
905
872
497
891
521
272
420
957
261
504
769
159
140
650
110
906
510
372
882
62
116
90
213
656
768
950
955
855
585
391
168
843
615
17
734
488
641
506
445
902
11
567
413
503
217
875
762
79
247
644
493
363
734
706
20
854
657
975
709
594
718
229
789
685
246
523
173
887
30
619
789
41
538
554
896
755
429
658
187
28
302
680
392
388
739
764
242
748
91
952
342
162
181
132
847
780
7
21
667
37
992
809
430
530
363
679
637
145
337
824
525
640
505
917
28
596
33
623
344
477
575
686
639
108
170
486
888
178
859
556
567
851
717
350
381
80
29
19
577
366
195
103
358
52
372
739
648
758
362
992
235
937
31
874
397
201
712
286
731
572
194
299
775
911
1
157
343
30
528
921
396
75
376
107
128
748
846
128
506
208
121
93
497
504
967
894
705
32
532
789
604
726
88
731
989
89
888
333
471
768
606
867
196
982
326
324
82
172
804
941
732
925
34
229
429
354
476
487
386
8
276
342
735
716
73
76
157
314
409
628
434
367
847
630
349
174
306
784
698
111
725
431
388
759
660
170
465
488
9
203
497
285
897
584
353
323
660
510
989
422
138
423
789
985
406
139
511
64
923
210
527
0
641
916
111
653
86
577
142
95
132
991
732
30
575
85
353
235
595
342
657
85
117
799
422
875
938
934
940
213
496
467
565
137
735
676
142
173
605
636
620
738
627
352
768
202
789
473
790
736
167
799
173
636
598
596
864
888
882
804
453
378
623
18
515
711
695
9
884
300
646
505
38
625
209
158
180
351
983
322
439
502
121
613
139
72
209
3
960
91
159
766
469
134
784
336
845
479
697
82
132
695
939
522
321
148
33
501
851
16
175
291
519
296
904
10
720
465
365
33
908
524
799
729
10
583
65
208
415
114
290
899
810
229
421
131
729
806
984
581
175
159
224
46
807
128
56
528
945
773
561
853
649
360
582
659
295
999
867
62
113
509
961
923
738
735
406
820
541
742
753
716
901
977
114
61
457
170
589
402
295
502
607
944
214
189
604
861
540
823
924
653
333
885
929
423
972
335
595
866
78
348
934
331
325
49
392
134
571
333
888
867
187
495
811
401
36
767
615
928
591
539
582
276
776
863
699
749
550
295
615
980
995
901
312
673
950
56
807
522
742
696
389
929
543
552
683
932
320
298
860
911
189
442
539
965
657
238
66
208
885
33
188
233
935
500
906
885
909
713
759
3
761
500
932
657
53
967
589
373
617
449
636
806
244
175
124
901
765
190
109
3
576
298
236
511
150
142
748
411
207
508
414
321
8
699
978
413
666
567
138
636
368
774
794
612
301
918
514
419
461
975
422
37
625
10
548
128
152
296
539
711
156
954
384
517
5
362
930
23
281
421
659
650
195
454
614
849
724
480
268
185
456
42
222
433
52
122
561
556
419
101
619
927
407
4
444
412
718
727
435
0
148
447
2
695
253
968
896
977
449
516
163
257
558
385
690
962
860
252
518
279
353
138
558
112
494
355
524
212
434
311
564
582
110
918
629
363
887
526
341
336
42
856
945
953
593
635
915
453
887
786
84
592
924
643
56
770
350
932
982
784
596
899
366
706
817
347
70
704
873
763
392
268
619
337
221
564
325
136
18
564
922
102
509
198
97
565
320
447
498
655
231
446
554
949
152
371
297
574
428
522
689
820
790
660
510
363
225
835
852
243
399
126
697
908
677
795
826
997
594
676
652
826
122
206
775
626
930
424
201
358
947
890
178
89
551
40
453
128
875
305
723
627
783
420
887
460
567
713
810
162
741
462
340
863
21
467
842
951
892
43
309
839
285
839
928
188
232
733
316
107
390
391
86
174
812
974
986
379
39
796
893
781
611
233
996
632
701
838
583
945
233
244
784
871
435
64
59
667
150
728
127
892
119
565
66
283
539
405
15
931
201
908
64
812
494
412
796
547
251
731
492
836
975
628
707
763
44
119
782
194
199
909
439
670
827
857
954
718
262
969
649
816
229
713
980
75
478
777
622
729
508
466
917
836
446
977
599
491
96
381
37
295
643
476
965
470
334
271
188
948
240
190
764
822
255
745
897
733
522
872
814
30
690
732
866
137
709
817
628
157
199
17
804
194
846
121
16
180
393
556
128
985
746
893
807
354
990
57
87
512
281
902
894
971
986
761
108
47
930
736
204
129
106
8
675
952
481
691
484
874
600
612
860
346
857
19
700
847
428
140
711
709
394
606
681
380
719
789
427
649
878
983
131
336
343
158
288
824
202
772
51
802
736
263
148
594
634
201
793
63
693
857
772
87
815
805
467
886
947
246
535
825
229
18
161
924
177
801
748
379
573
151
181
309
414
681
255
49
234
401
112
927
258
236
366
425
42
833
311
341
431
198
518
12
217
31
936
746
832
37
477
757
188
10
418
955
43
674
4
630
427
468
909
37
704
276
462
98
461
125
439
245
323
309
257
892
340
546
638
172
583
467
929
123
829
348
78
873
374
434
855
801
902
764
190
959
392
4
57
854
129
849
99
452
158
708
345
499
254
335
23
837
155
953
313
984
653
743
209
379
178
64
532
80
829
722
39
221
726
449
427
207
650
878
659
160
587
356
11
841
692
35
31
199
340
344
183
345
439
393
724
617
457
256
698
638
330
89
212
408
890
639
615
540
518
274
53
105
631
64
298
675
451
329
874
143
25
57
488
465
802
212
82
612
820
132
250
150
574
462
558
464
454
173
357
324
800
410
781
783
826
79
458
278
761
684
773
786
93
262
251
896
826
686
508
999
818
110
149
392
925
60
209
379
585
918
55
385
328
188
168
506
267
978
136
28
662
910
167
756
172
418
4
350
104
864
349
275
974
851
19
899
263
580
630
848
498
37
586
826
225
106
685
493
437
821
873
99
731
40
207
255
811
563
958
267
427
307
894
402
510
914
653
773
494
284
622
345
321
208
523
547
666
208
392
103
30
617
555
113
10
762
721
173
678
679
440
105
338
687
859
849
601
513
622
447
797
596
792
470
156
316
369
823
876
761
926
258
731
481
724
741
596
445
914
274
476
706
731
166
393
591
367
346
104
990
794
253
938
938
723
95
606
445
918
483
206
196
741
289
30
465
30
978
262
296
604
90
3
335
609
396
926
976
743
382
318
889
635
257
827
711
352
786
156
622
621
714
818
362
4
200
180
386
178
794
683
782
237
686
118
846
434
396
822
177
779
141
66
766
398
246
829
102
384
985
724
5
52
894
719
56
95
251
794
273
398
477
408
635
515
526
481
950
274
303
127
405
796
546
524
546
144
353
0
880
339
724
885
391
971
956
799
66
208
593
691
606
423
99
593
938
977
74
888
604
729
368
9
878
914
885
424
410
239
425
290
578
501
527
321
824
483
472
890
43
417
934
1
840
385
594
779
715
668
667
319
750
35
680
628
301
566
404
711
805
829
353
735
683
880
408
507
716
880
750
111
297
36
113
490
421
707
269
488
728
936
807
478
972
840
458
625
758
862
337
915
44
42
2
727
275
410
586
991
642
688
102
291
724
567
781
498
275
50
986
355
339
146
833
663
986
291
288
96
505
977
11
549
20
13
628
295
775
215
638
769
255
92
60
980
660
194
830
287
596
816
642
935
962
827
950
300
470
239
396
975
216
759
877
588
124
505
235
899
72
225
668
328
670
81
660
330
275
490
969
223
306
611
511
621
790
461
273
260
700
22
587
269
781
464
209
906
970
797
157
394
22
826
722
692
259
734
374
886
224
343
109
883
306
620
504
448
434
129
60
486
151
648
755
933
464
317
191
786
114
348
181
488
526
255
181
785
990
907
23
214
603
133
449
261
105
305
710
539
435
770
26
586
770
133
871
235
802
414
373
916
763
554
757
641
162
290
779
152
197
802
718
800
935
168
62
393
473
124
284
260
894
662
847
17
148
70
604
950
485
977
219
248
884
976
241
46
266
20
550
815
823
620
968
110
788
30
855
614
506
140
874
400
802
73
769
950
144
373
253
629
351
472
229
587
800
822
633
66
843
535
233
18
155
201
480
296
583
336
910
89
828
136
842
982
562
611
933
706
985
538
687
688
10
268
275
810
90
260
228
285
795
813
303
302
15
784
598
950
472
860
40
300
997
234
634
911
845
567
617
182
457
656
222
467
924
849
629
14
109
209
300
256
23
955
559
390
91
509
340
915
370
380
567
719
614
202
630
812
121
599
346
579
255
569
398
179
418
28
545
880
589
197
136
612
505
47
2
596
557
343
512
279
75
79
998
42
633
628
854
755
227
552
334
482
121
732
13
892
112
910
772
702
460
260
314
965
660
669
561
569
364
425
848
439
857
846
833
490
474
39
597
53
592
931
887
713
16
900
957
128
162
81
182
622
342
849
587
354
518
501
923
882
278
771
673
135
969
507
978
795
546
575
848
138
859
735
204
227
987
161
707
149
243
890
124
937
739
711
643
257
564
566
491
843
689
164
330
658
23
660
453
570
588
301
60
799
388
616
26
375
778
733
876
373
623
0
662
362
64
305
971
628
223
814
823
912
331
506
922
354
166
375
276
754
28
337
905
768
305
931
143
435
665
371
160
640
724
822
355
788
479
678
768
702
493
592
966
824
450
888
178
616
615
807
723
995
496
628
763
801
912
258
237
929
630
397
569
354
572
276
494
51
307
262
106
800
206
424
976
656
313
506
625
280
313
700
628
809
328
391
611
592
2
200
521
984
597
443
338
169
719
184
573
26
798
679
178
5
103
154
13
768
661
990
401
974
690
29
136
371
772
99
963
774
299
485
758
248
928
448
770
999
984
343
378
783
374
556
140
829
711
505
598
724
496
351
698
186
732
186
557
504
285
521
631
584
358
741
185
286
542
955
637
526
298
15
661
672
572
801
501
635
307
451
359
155
154
409
341
886
596
251
743
881
124
726
818
482
467
3
120
361
958
757
240
608
773
901
280
697
55
133
332
714
937
691
869
91
100
562
978
696
165
73
930
641
799
100
475
266
103
595
980
413
705
220
21
830
473
653
527
880
138
211
594
75
902
815
519
354
730
497
51
895
570
333
537
721
433
12
987
888
960
319
301
17
539
674
847
365
679
726
245
817
937
192
245
191
7
764
545
737
613
596
633
535
281
522
256
714
886
595
602
846
915
255
863
806
929
62
171
608
140
769
778
77
961
23
268
968
787
814
706
400
762
691
287
44
565
543
110
451
138
65
650
405
320
865
212
250
928
735
210
68
504
988
498
465
11
766
786
150
932
844
902
695
535
189
91
452
732
553
903
223
618
553
628
291
419
192
541
699
928
103
767
784
92
265
250
455
384
36
606
668
880
508
363
767
50
806
219
134
712
474
357
330
28
338
621
799
530
514
498
810
970
617
595
62
235
197
517
619
233
475
287
465
336
3
584
386
161
155
520
225
629
878
556
9
568
529
160
450
396
658
261
366
276
856
780
863
53
649
482
638
125
121
455
461
476
391
847
990
898
367
215
527
597
123
889
517
5
49
968
753
60
229
119
688
437
899
551
842
548
385
832
25
858
639
486
335
30
685
677
928
53
892
807
2
368
48
520
373
450
840
126
510
69
597
198
858
848
101
52
748
486
236
774
344
875
612
31
257
298
708
537
703
953
696
705
673
745
577
46
547
417
524
409
838
473
959
696
321
60
100
69
546
336
195
242
563
808
274
820
106
334
709
809
639
406
866
312
503
444
710
50
861
586
459
700
59
770
748
732
830
849
154
728
537
349
970
453
157
596
625
615
283
335
424
922
741
291
587
596
735
649
998
948
588
809
648
647
579
397
732
409
598
886
137
487
235
459
940
745
56
566
360
339
253
785
613
994
428
552
942
515
554
940
463
142
749
464
141
328
213
873
737
163
759
226
650
347
685
943
92
93
861
452
784
114
589
750
460
369
302
754
884
856
694
700
998
443
164
492
123
377
365
212
540
477
438
542
824
475
837
916
921
50
720
705
516
310
455
976
679
110
730
916
318
776
616
669
219
780
161
342
509
526
554
49
355
344
943
179
172
781
447
93
831
168
798
348
830
606
676
861
68
759
777
386
535
745
407
107
877
568
801
386
447
708
787
802
404
731
982
576
512
429
669
695
949
820
43
779
778
72
641
846
831
770
584
718
516
992
825
393
912
979
132
359
687
919
162
91
650
496
20
514
277
689
562
579
861
605
358
991
29
351
837
860
122
774
579
990
118
756
735
30
735
867
390
422
787
904
866
789
752
886
656
381
927
218
960
141
175
671
132
205
22
322
65
496
96
996
486
214
753
222
244
840
89
986
615
228
890
481
370
994
719
26
376
998
596
336
139
771
359
624
976
382
946
394
230
394
742
717
608
847
291
204
688
732
191
303
313
433
136
683
780
207
61
156
205
657
844
697
428
204
673
757
938
619
503
168
13
245
885
973
93
528
529
133
261
720
436
926
506
572
609
286
779
670
794
336
327
638
385
107
194
58
864
132
677
719
653
42
317
890
367
410
419
897
895
32
969
331
958
827
255
567
113
386
589
259
722
916
250
460
375
444
518
592
929
548
311
582
590
628
472
310
390
243
207
285
275
176
968
585
4
223
504
469
609
93
81
684
361
331
144
737
127
14
329
408
562
640
342
505
621
815
815
11
410
374
649
686
550
617
623
906
841
128
728
802
221
809
838
583
492
334
672
971
349
353
380
263
993
722
120
966
889
935
978
300
309
627
338
212
596
961
470
437
89
550
592
663
711
430
598
203
117
622
175
818
975
907
81
968
629
202
287
871
489
265
171
151
244
861
363
840
174
185
630
616
736
574
279
447
356
229
3
473
851
178
291
826
437
725
146
66
927
433
937
768
50
460
919
646
321
634
487
848
172
469
464
908
43
95
707
399
324
62
873
527
240
516
353
29
241
851
96
520
285
385
289
687
846
560
334
519
195
173
367
367
642
183
627
37
278
686
788
954
749
661
481
341
530
186
371
123
390
819
644
27
204
285
714
402
197
48
922
744
573
641
463
567
177
90
604
807
129
393
762
878
406
595
571
288
134
942
412
524
761
408
551
318
693
617
720
890
18
994
987
591
988
450
511
165
541
115
972
22
860
86
900
619
34
823
907
520
766
319
44
879
79
947
549
124
916
270
15
934
264
2
878
604
804
389
769
345
856
94
719
69
532
971
688
566
795
595
86
913
267
482
792
698
781
342
823
698
964
190
984
580
544
862
185
348
603
306
46
460
752
765
529
285
737
569
203
532
516
642
445
135
476
589
834
610
283
657
308
599
847
644
180
391
859
717
739
462
23
785
274
128
551
155
765
288
724
968
172
241
962
617
376
439
558
210
49
194
867
709
793
66
353
973
457
564
42
197
27
66
334
653
546
885
809
311
525
533
631
697
774
594
666
503
385
577
713
786
771
933
495
564
999
200
890
809
765
932
6
144
350
340
797
896
578
606
559
455
492
191
153
618
137
171
121
522
748
187
308
519
472
155
436
471
707
326
280
824
258
638
968
609
331
118
857
261
76
417
716
568
608
221
539
745
393
660
619
493
199
927
365
671
434
801
495
141
127
775
318
737
766
286
346
449
756
204
710
833
973
426
753
581
0
292
678
745
305
297
238
504
576
603
528
362
404
23
855
883
150
173
621
916
460
319
365
568
875
427
753
848
206
507
781
206
151
459
951
808
108
189
313
36
145
841
398
901
216
254
785
366
427
406
635
239
77
352
160
953
780
913
801
986
772
583
544
924
394
495
732
855
36
397
891
181
590
642
435
806
248
220
173
675
978
160
267
55
512
427
8
292
340
162
630
465
97
174
389
843
21
473
698
58
223
942
591
813
936
26
620
184
598
145
211
576
657
478
984
169
257
344
814
950
506
444
415
603
971
156
447
992
629
497
402
852
791
994
18
727
20
990
911
971
487
123
547
144
953
883
313
563
228
127
513
734
924
280
690
247
436
489
239
417
338
642
622
130
988
640
857
360
630
121
331
117
596
231
261
901
114
926
816
342
406
329
429
330
961
471
929
397
312
168
167
650
162
789
132
502
429
342
863
411
815
194
528
411
425
141
664
540
67
481
234
473
162
663
155
124
134
84
873
798
605
40
449
119
181
933
622
962
275
485
373
90
31
253
853
809
394
518
349
814
999
935
287
161
599
795
637
85
879
511
884
836
903
685
956
437
618
578
399
246
63
125
336
446
378
190
255
125
60
604
939
59
892
578
572
491
373
562
928
605
425
164
441
328
201
397
117
172
975
517
418
390
642
106
837
20
648
92
497
708
49
436
119
941
15
44
784
388
606
712
993
31
229
787
711
782
184
829
954
160
698
724
902
340
183
739
712
831
832
210
892
233
646
363
174
13
407
958
754
365
22
99
748
603
886
812
386
71
641
340
583
339
417
485
31
600
577
743
431
761
305
675
994
304
39
520
317
798
478
71
516
852
171
264
456
409
76
842
480
69
534
415
408
303
253
791
903
830
535
687
943
192
362
289
496
753
809
166
552
639
589
68
491
112
684
947
522
761
141
354
830
28
770
591
331
375
382
587
557
269
274
500
462
988
789
310
742
598
476
646
237
418
714
80
530
398
380
52
511
521
759
342
901
529
933
585
904
667
172
461
937
798
313
399
786
102
61
880
52
890
526
641
308
592
721
838
991
101
243
854
975
2
196
876
883
481
813
139
149
985
952
438
783
265
837
922
719
250
802
771
140
681
412
448
273
485
639
616
587
882
471
562
236
19
790
471
853
604
610
354
941
562
792
77
827
981
999
898
231
153
669
372
186
433
820
460
918
459
428
857
693
251
771
281
271
562
752
476
518
362
830
459
276
622
536
455
603
887
353
834
41
374
206
227
807
379
39
78
838
820
935
884
71
59
165
694
621
270
170
491
984
0
950
261
974
487
68
929
374
422
764
767
796
322
347
956
701
738
34
892
558
321
128
982
732
645
676
353
915
199
844
252
551
147
513
526
634
581
455
360
355
571
480
152
246
827
460
947
917
846
191
476
519
319
810
252
317
486
605
232
685
802
484
237
301
349
115
935
283
922
647
638
846
479
142
92
306
954
39
576
800
583
404
320
254
214
572
571
700
529
804
738
683
640
327
984
342
794
271
625
716
919
615
914
398
110
6
57
64
398
633
865
981
389
185
235
603
757
807
655
638
963
393
322
603
72
306
297
218
578
922
287
849
538
201
247
0
208
656
64
606
641
929
587
30
466
822
985
223
981
641
214
944
386
536
900
459
842
197
677
420
472
964
269
362
518
869
362
726
877
426
332
871
708
271
901
174
445
887
750
427
880
964
723
266
500
975
77
342
173
107
115
997
423
736
359
941
957
73
667
835
499
351
706
207
622
959
734
68
198
484
495
430
448
218
697
948
194
774
642
719
233
109
68
657
846
427
598
803
500
618
990
351
969
48
911
592
360
645
660
558
129
507
989
929
725
38
229
271
164
223
342
398
333
410
55
179
189
5
334
41
623
325
393
593
373
304
537
733
301
197
644
782
704
985
711
781
23
292
405
539
515
99
937
848
510
344
379
51
350
714
93
325
39
486
270
764
142
807
498
795
356
494
577
412
479
640
194
854
932
951
393
447
50
683
648
912
27
27
964
377
741
57
55
132
543
325
897
37
485
395
832
841
889
409
254
720
401
800
574
333
751
319
132
153
2
780
66
30
808
30
759
901
87
814
34
982
492
931
19
977
678
203
170
919
964
776
639
365
928
565
698
31
884
830
185
887
963
251
917
123
281
676
24
720
843
410
702
687
693
73
664
723
276
186
642
592
315
633
957
243
198
7
275
83
189
812
970
152
63
239
627
344
267
4
416
110
414
118
797
460
543
813
183
171
352
826
763
667
459
720
262
10
79
889
93
268
701
415
773
116
654
400
812
921
404
228
384
819
346
181
279
241
347
814
412
699
640
175
718
452
247
332
462
326
222
907
947
275
322
720
392
328
120
204
601
525
785
985
696
131
519
327
373
866
141
137
917
134
313
987
586
560
319
400
239
893
659
186
169
333
906
913
661
378
469
262
255
254
600
951
738
119
630
463
337
124
600
606
258
913
593
196
826
912
948
417
806
607
955
327
940
861
592
601
591
61
215
847
668
167
150
406
286
781
869
975
905
821
581
515
87
526
711
265
439
11
682
597
618
637
276
558
850
220
511
441
281
78
288
301
246
439
59
884
572
280
860
829
102
793
344
